10301000,
10301100,
10301110,
10301200,
10301300,
10302000,
10302100,
10302101,
10302102,
10302103,
10304000,
10304001,
10304002,
10304003,
10308000,
10308001,
10308002,
10308003,
10311000,
10311001,
10311002,
10311003,
10312000,
10312001,
10312002,
10312100,
10313000,
10313100,
10317000,
10317001,
10317002,
10317003,
10318000,
10318001,
10318002,
10318003,
10318004,
10319000,
10319100,
10319101,
10319102,
10323000,
10324000,
10324001,
10408000,
10408100,
10408200,
10409000,
10409001,
10409002,
10409003,
10409004,
10410000,
10410100,
10410101,
10410102,
10410103,
10410104,
10410200,
10410201,
10410202,
10410203,
10412000,
10412100,
10412101,
10412102,
10412103,
10412200,
10413000,
10413100,
10413101,
10413102,
10413200,
10413201,
10413202,
10414000,
10415100,
10415101,
10415102,
10415103,
10416000,
10417000,
10417001,
10417002,
10417003,
10417004,
10419000,
10419100,
10420000,
10421000,
10422000,
10422100,
10423000,
10424000,
10424010,
10424011,
10425000,
10426000,
10426100,
10426101,
10426102,
10426103,
10426104,
10426105,
10427000,
10427001,
10427002,
10427003,
10427004,
10427005,
10900000,
19901000,
20000100,
20000200,
20000300,
20000400,
20000401,
20000402,
20000403,
20000404,
20000405,
20000500,
20000501,
20000502,
20000600,
20000700,
20000800,
20000900,
20000901,
20000902,
20000903,
20001000,
20001100,
20001200,
20001300,
20001400,
20001500,
20001600,
20001700,
20001701,
20001702,
20001800,
20001900,
20002000,
20002100,
20002200,
20002300,
20002400,
20002500,
20002600,
20002700,
20002800,
20002900,
20002901,
20002902,
20002903,
20002904,
20003000,
20003001,
20003002,
20003100,
20003101,
20003200,
20003300,
20003400,
20003500,
20003600,
20003700,
20003800,
20003900,
20003901,
20003910,
20004000,
20900000,
30318000,
30320000,
30320100,
30321000,
30321001,
30321002,
30321003,
30321004,
30322000,
30322001,
30322002,
30322003,
30322004,
30322005,
30322006,
30322007,
30322008,
30323000,
30323001,
30407000,
30409000,
30412000,
30413000,
30415000,
30415001,
30415002,
30415003,
30417000,
30417001,
30417002,
30418000,
30419000,
30419100,
30419200,
30419300,
30419500,
30419501,
30419502,
30419503,
30419504,
30421000,
30421001,
30422000,
30422100,
30422200,
30422300,
30425000,
30426000,
30426100,
30427000,
30427100,
30427200,
30430000,
30900000,
39999000,
40302000,
40412000,
40413000,
40414000,
40414100,
40414200,
40414201,
40414202,
40415000,
40415100,
40415200,
40415201,
40415202,
40415203,
40416000,
40416001,
40416002,
40416003,
40417000,
40419000,
40419001,
40419002,
40420000,
40420001,
40420002,
40420003,
40420004,
40420100,
40420101,
40421000,
40421001,
40421002,
40421100,
40422000,
40422001,
40422002,
40422100,
40423000,
40423001,
40423002,
40423100,
40423101,
40423102,
40423103,
40425000,
40426000,
40426001,
40426002,
40426100,
40426200,
40426300,
40507000,
40900000,
40900001,
50409000,
50412000,
50413000,
50413010,
50414000,
50414010,
50414011,
50414012,
50415000,
50415010,
50415011,
50415012,
50415020,
50415030,
50416000,
50416010,
50417000,
50417001,
50417002,
50417010,
50418000,
50418001,
50418002,
50418003,
50419000,
50419010,
50419020,
50419030,
50419040,
50420000,
50420010,
50420020,
50420030,
50420031,
50420032,
50421000,
50421001,
50421002,
50421010,
50421020,
50422000,
50422010,
50422020,
50422030,
50423000,
50423001,
50423002,
50423010,
50423020,
50423030,
50424000,
50424010,
50424020,
50425000,
50425001,
50425002,
50426000,
50426010,
50426020,
50427000,
50427001,
50427002,
50427010,
50427020,
50427021,
50427022,
50427023,
50427024,
50428000,
50428001,
50428002,
50428010,
50428020,
50429000,
50430000,
50430001,
50430002,
50430011,
50430012,
50430020,
50430030,
50501000,
50501001,
50501010,
50501020,
50501030,
50501040,
50502000,
50502010,
50503000,
50503010,
50506010,
50900000,
59999000,
70000100,
70000200,
70000300,
70000400,
70000401,
70000402,
70000403,
70000404,
70000405,
70000406,
70000407,
70000408,
70000409,
70000410,
70000500,
70000501,
70000502,
70000600,
70000650,
70000660,
70000670,
70000700,
70000750,
70000800,
70000801,
70000802,
70000900,
70000901,
70000902,
70000903,
70000904,
70000905,
70000906,
70000909,
70001000,
70001100,
70001101,
70001102,
70001103,
70001109,
70001200,
70001300,
70001400,
70001500,
70001600,
70001700,
70001800,
70001900,
70002000,
70002100,
70002200,
70002300,
70002400,
70002500,
70002600,
70002700,
70002701,
70002702,
70002800,
70002900,
70002901,
70002902,
70003000,
70003100,
70003200,
70003201,
70003203,
70003300,
70003400,
70003500,
70003600,
70003700,
70003800,
70003900,
70004000,
70004100,
70004101,
70004200,
70004201,
70004300,
70004400,
70004401,
70004500,
70004501,
70004600,
70004601,
70004602,
70004700,
70004701,
70004801,
70004802,
70004900,
70004901,
70004902,
70010000,
70900000,
80305000,
80305100,
80306000,
80306001,
80306002,
80306003,
80306004,
80306005,
80306006,
80308000,
80308100,
80308101,
80308102,
80309000,
80309100,
80309101,
80309102,
80310000,
80311000,
80315000,
80315001,
80315002,
80315003,
80315004,
80316000,
80316100,
80316200,
80316201,
80316202,
80317000,
80318000,
80319000,
80319100,
80320000,
80322000,
80324000,
80324001,
80324002,
80325000,
80325001,
80325002,
80326000,
80327000,
80329000,
80329001,
80329002,
80330000,
80331000,
80401000,
80401001,
80401002,
80401003,
80402000,
80407000,
80408000,
80408001,
80408002,
80408003,
80408004,
80408005,
80408100,
80409000,
80410000,
80410001,
80410002,
80410100,
80411000,
80411001,
80411002,
80411003,
80411004,
80411005,
80411100,
80412000,
80413000,
80414000,
80415000,
80415001,
80415002,
80415100,
80416000,
80417000,
80418000,
80419000,
80420000,
80421000,
80422000,
80423000,
80424000,
80425000,
80900000,
89901000,
90414000,
90414001,
90414002,
90414003,
90414004,
90415000,
90415001,
90415002,
90415003,
90415004,
90416000,
90416001,
90416002,
90419000,
90421000,
90421001,
90421002,
90422000,
90423000,
90423001,
90423100,
90423200,
90423300,
90426000,
90507000,
90900000,
90900001,
100000100,
100000200,
100000300,
100000400,
100000500,
100000600,
100000700,
109901000,
110000000,
110010000,
110010001,
110010100,
110011000,
110020000,
110020001,
110021000,
110022000,
110023000,
110024000,
110025000,
110026000,
110026100,
110026200,
110026300,
110026900,
110027000,
110030000,
110031000,
110032100,
110032200,
110033000,
110034000,
110035000,
110036000,
110036100,
110037000,
110037001,
110040000,
110040100,
110040200,
110040300,
110041000,
110041010,
110041100,
110041200,
110043000,
110043100,
110044000,
110044100,
110044200,
110044300,
110045000,
110046000,
110046500,
110047000,
110047010,
110048000,
110050000,
110051000,
110052000,
110052100,
110054000,
110054900,
110055000,
110056000,
110056100,
110056110,
110056200,
110056210,
110056220,
110056310,
110057000,
110058000,
110060000,
110070000,
110070100,
110070200,
110070300,
110070400,
200303000,
200304000,
200306000,
200308000,
200309000,
200310000,
200311000,
200312000,
200315000,
200315100,
200316000,
200317000,
200318000,
200322000,
200323000,
200324000,
200409000,
200409100,
200413000,
200414000,
200415000,
200415100,
200416000,
200417000,
200420000,
200421000,
200421100,
200422000,
200423000,
200424000,
200426000,
200427000,
200427100,
200428000,
200428100,
200430000,
200501000,
300301000,
300302000,
300303000,
300304000,
300305000,
300306000,
300308000,
300309000,
300310000,
300311000,
300312000,
300315000,
300316000,
300317000,
300318000,
300322000,
300323000,
300324000,
300407000,
300408000,
300409000,
300410000,
300412000,
300413000,
300413001,
300413002,
300413003,
300413004,
300414000,
300415000,
300416000,
300417000,
300419000,
300420000,
300421000,
300422000,
300423000,
300424000,
300426000,
300427000,
300428000,
300429000,
300430000,
300501000,
300506000,
300507000,
300508000,
300510000,
300511000,
400307000,
400313000,
400314000,
400401000,
400411000,
400418000,
400425000,
400429000,
400502000,
400502100,
500000000,
600000000,
800000010,
800000020,
800000030,
800000040,
800000050,
800000070,
800000080,
800000090,
800000110,
999999001,
999999002,
999999003,
999999004,
999999005,
999999007,
999999008,
999999009,
999999010,
999999020,
999999030,
999999040

